700014445	
700014527	
700014767	
700014797	
700014923	
700015007	
700015082	
700015167	
700015233	
700015299	
700015454	
700015675	
700015756	
700016050	
700016138	
700016140	
700016313	
700016354	
700016662	
700016920	
700021682	
700023074	
700023174	
700023242	
700023395	
700023452	
700023556	
700023639	
700023706	
700023877	
700023924	
700023972	
700024085	
700024239	
700024295	
700024407	
700024448	
700024497	
700024544	
700024592	
700024651	
700024688	
700024804	
700024851	
700024907	
700024955	
700033033	
700033148	
700033490	
700033744	
700037031	
700037089	
700037138	
700037190	
700037356	
700037404	
700037450	
700037538	
700037686	
700037810	
700038010	
700038228	
700038343	
700038450	
700038498	
700038593	
700038917	
700038955	
700095371	
700095428	
700095974	
700096065	
700096284	
700096586	
700096608	
700097252	
700097309	
700097433	
700097649	
700098285	
700098377	
700098950	
700099020	
700099077	
700099460	
700099608	
700100245	
700101656	
700102103	
700102260	
700102603	
700102923	
700103275	
700103445	
700103563	
700103620	
700103668	
700105035	
700105149	
700105263	
700105370	
700105415	
700105569	
700105681	
700105738	
700105833	
700105881	
700105987	
700106061	
700106118	
700106338	
700106411	
700106489	
700106547	
700106614	
700106662	
700106805	
700106872	
700106945	
700107207	
700107834	
700108056	
700108302	
700108491	
700108800	
700108972	
700109125	
700109335	
700109401	
700109467	
700109768	
700109825	
700109882	
700110005	
700110173	
700110239	
700110371	
700110437	
700110605	
700110662	
700110719	
700110830	
700111044	
700111457	
700111523	
700111592	
700111829	
700113012	
700113071	
700113119	
700113499	
700113652	
700114015	
700114120	
700114167	
700114217	
700114272	
700114328	
700114386	
700114428	
700114488	
700114554	
700114611	
700114658	
700114706	
700114755	
700114803	
700114860	
700114907	
700114965	
