700014418	
700014518	
700014606	
700014740	
700014788	
700014914	
700014980	
700015073	
700015140	
700015206	
700015272	
700015437	
700015445	
700015648	
700015729	
700016041	
700016128	
700016304	
700016349	
700016551	
700016635	
700016911	
700021285	
700021315	
700021887	
700023061	
700023185	
700023230	
700023289	
700023385	
700023442	
700023499	
700023546	
700023648	
700023696	
700023810	
700023867	
700023930	
700023981	
700024030	
700024092	
700024143	
700024196	
700024248	
700024302	
700024344	
700024401	
700024455	
700024503	
700024551	
700024599	
700024641	
700024695	
700024746	
700024793	
700024860	
700024912	
700024961	
700033006	
700033139	
700033463	
700033735	
700037037	
700037080	
700037129	
700037185	
700037290	
700037347	
700037395	
700037441	
700037545	
700037693	
700037744	
700037801	
700037962	
700038016	
700038219	
700038349	
700038440	
700038488	
700038536	
700038584	
700038689	
700038747	
700038962	
700095362	
700095419	
700095783	
700095965	
700096056	
700096276	
700096599	
700097243	
700097300	
700097640	
700098276	
700098368	
700098941	
700099011	
700099068	
700099599	
700099755	
700100236	
700101647	
700102251	
700102594	
700102914	
700103284	
700103436	
700103569	
700103611	
700105044	
700105102	
700105159	
700105216	
700105269	
700105318	
700105361	
700105406	
700105472	
700105575	
700105626	
700105672	
700105729	
700105785	
700105840	
700105888	
700105928	
700105978	
700106005	
700106071	
700106344	
700106402	
700106499	
700106557	
700106605	
700106653	
700106815	
700106863	
700106936	
700106990	
700107198	
700108047	
700108293	
700108482	
700108791	
700108963	
700109116	
700109239	
700109326	
700109392	
700109458	
700109816	
700110164	
700110230	
700110296	
700110362	
700110428	
700110596	
700110653	
700110710	
700110821	
700111035	
700111448	
700111514	
700111583	
700111820	
700113019	
700113061	
700113107	
700113490	
700113556	
700113605	
700114006	
700114053	
700114111	
700114173	
700114224	
700114335	
700114377	
700114437	
700114712	
700114812	
