700014415	
700014517	
700014607	
700014737	
700014787	
700014913	
700014977	
700015072	
700015137	
700015203	
700015269	
700015434	
700015444	
700015645	
700015726	
700016040	
700016127	
700016303	
700016348	
700016550	
700016632	
700016910	
700021284	
700021314	
700021685	
700023060	
700023184	
700023229	
700023288	
700023441	
700023498	
700023545	
700023647	
700023695	
700023809	
700023866	
700023929	
700023980	
700024029	
700024091	
700024142	
700024195	
700024247	
700024301	
700024343	
700024400	
700024454	
700024502	
700024550	
700024598	
700024640	
700024694	
700024745	
700024792	
700024859	
700024911	
700024960	
700033003	
700033138	
700033460	
700033734	
700037036	
700037079	
700037128	
700037184	
700037289	
700037346	
700037394	
700037440	
700037544	
700037692	
700037743	
700037800	
700037961	
700038015	
700038218	
700038348	
700038439	
700038487	
700038535	
700038583	
700038688	
700038746	
700038961	
700095361	
700095418	
700095782	
700095964	
700096055	
700096275	
700096576	
700096598	
700097242	
700097299	
700097639	
700098275	
700098367	
700098940	
700099010	
700099067	
700099598	
700099754	
700100235	
700101646	
700102250	
700102593	
700102913	
700103283	
700103435	
700103492	
700103568	
700103610	
700103658	
700105043	
700105101	
700105158	
700105215	
700105268	
700105360	
700105405	
700105471	
700105625	
700105671	
700105728	
700105784	
700105839	
700105887	
700105927	
700105977	
700106004	
700106070	
700106343	
700106401	
700106498	
700106556	
700106604	
700106652	
700106814	
700106862	
700106935	
700107197	
700107824	
700108046	
700108292	
700108481	
700108790	
700108962	
700109115	
700109238	
700109325	
700109391	
700109457	
700109758	
700109815	
700109995	
700110163	
700110229	
700110295	
700110361	
700110427	
700110595	
700110652	
700110709	
700110820	
700111034	
700111513	
700111582	
700111819	
700113018	
700113060	
700113106	
700113489	
700113555	
700113604	
700114005	
700114052	
700114110	
700114172	
700114223	
700114280	
700114334	
700114376	
700114436	
700114601	
700114711	
700114811	
