700014412	
700014516	
700014608	
700014734	
700014786	
700014912	
700014974	
700015071	
700015134	
700015200	
700015266	
700015431	
700015443	
700015642	
700016039	
700016126	
700016302	
700016347	
700016549	
700016629	
700016909	
700021283	
700021313	
700021684	
700023059	
700023183	
700023228	
700023287	
700023383	
700023440	
700023497	
700023544	
700023646	
700023694	
700023808	
700023865	
700023928	
700023979	
700024028	
700024090	
700024140	
700024194	
700024246	
700024300	
700024342	
700024399	
700024453	
700024501	
700024549	
700024597	
700024639	
700024693	
700024744	
700024791	
700024858	
700024910	
700024959	
700033000	
700033137	
700033457	
700033733	
700037035	
700037078	
700037127	
700037183	
700037288	
700037345	
700037393	
700037439	
700037543	
700037691	
700037742	
700037799	
700037960	
700038014	
700038347	
700038438	
700038486	
700038534	
700038582	
700038687	
700038745	
700038960	
700095360	
700095417	
700095781	
700095963	
700096054	
700096274	
700096575	
700096597	
700097241	
700097298	
700097638	
700098274	
700098366	
700098939	
700099009	
700099066	
700099597	
700099753	
700100234	
700101645	
700102249	
700102592	
700102912	
700103282	
700103434	
700103567	
700103609	
700103657	
700105042	
700105100	
700105157	
700105214	
700105316	
700105359	
700105404	
700105470	
700105573	
700105624	
700105670	
700105727	
700105783	
700105838	
700105886	
700105926	
700105976	
700106003	
700106069	
700106342	
700106400	
700106497	
700106555	
700106603	
700106651	
700106813	
700106861	
700106934	
700106988	
700107196	
700107823	
700108045	
700108291	
700108480	
700108789	
700108961	
700109114	
700109237	
700109324	
700109390	
700109456	
700109814	
700110162	
700110228	
700110294	
700110360	
700110426	
700110594	
700110651	
700110708	
700110819	
700111033	
700111512	
700111581	
700111818	
700113017	
700113059	
700113488	
700113554	
700113603	
700114004	
700114051	
700114108	
700114171	
700114222	
700114279	
700114333	
700114375	
700114435	
700114600	
700114710	
700114810	
