700015001	
700015080	
700015227	
700015293	
700015452	
700015669	
700016048	
700016053	
700016135	
700016311	
700016656	
700021290	
700021810	
700023072	
700023240	
700023393	
700023450	
700023507	
700023554	
700023600	
700023637	
700023704	
700023818	
700023875	
700023922	
700023970	
700024083	
700024237	
700024293	
700024405	
700024446	
700024495	
700024542	
700024590	
700024686	
700024735	
700024802	
700024849	
700024905	
700024953	
700033027	
700033146	
700033484	
700033742	
700037006	
700037029	
700037087	
700037193	
700037249	
700037354	
700037402	
700037448	
700037536	
700037684	
700037751	
700037808	
700037855	
700037903	
700038008	
700038123	
700038226	
700038341	
700038389	
700038448	
700038496	
700038543	
700038591	
700038696	
700038867	
700038915	
700038953	
700095369	
700095426	
700095790	
700095972	
700096282	
700097250	
700097307	
700097647	
700098283	
700098948	
700099018	
700099075	
700099397	
700099606	
700099762	
700101654	
700102129	
700102258	
700102601	
700102921	
700103273	
700103482	
700103618	
700105033	
700105090	
700105147	
700105309	
700105462	
700105616	
700105879	
700105935	
700105985	
700106012	
700106173	
700106288	
700106409	
700106431	
700106488	
700106545	
700106660	
700106698	
700106943	
700106982	
700107205	
700107832	
700108054	
700108300	
700108489	
700108798	
700108970	
700109123	
700109246	
700109333	
700109399	
700109465	
700109766	
700109823	
700109880	
700110003	
700110171	
700110237	
700110435	
700110660	
700110717	
700110828	
700111042	
700111455	
700111827	
700113010	
700113069	
700113117	
700113497	
700113612	
700114013	
700114215	
700114270	
700114326	
700114426	
700114486	
700114552	
700114609	
700114704	
700114801	
700114858	
700114963	
