700014523	
700014613	
700014755	
700014793	
700014919	
700014995	
700015078	
700015155	
700015221	
700015287	
700015450	
700015556	
700015663	
700015744	
700016046	
700016051	
700016309	
700016650	
700021288	
700021678	
700021808	
700023070	
700023238	
700023293	
700023391	
700023448	
700023504	
700023552	
700023598	
700023635	
700023702	
700023816	
700023873	
700023920	
700023968	
700024081	
700024129	
700024235	
700024291	
700024444	
700024493	
700024540	
700024588	
700024647	
700024684	
700024733	
700024800	
700024847	
700024903	
700024951	
700033021	
700033144	
700033478	
700033740	
700037004	
700037027	
700037134	
700037191	
700037247	
700037295	
700037352	
700037400	
700037446	
700037534	
700037634	
700037682	
700037749	
700037806	
700037853	
700037901	
700037949	
700038006	
700038121	
700038159	
700038224	
700038276	
700038339	
700038387	
700038446	
700038494	
700038541	
700038694	
700038752	
700038798	
700038865	
700038913	
700038951	
700095367	
700095424	
700095788	
700095970	
700096061	
700096281	
700096582	
700097248	
700097305	
700097645	
700098281	
700098373	
700098683	
700098946	
700099016	
700099073	
700099395	
700099604	
700099760	
700100241	
700101652	
700102256	
700102599	
700102919	
700103271	
700103441	
700103480	
700103559	
700103616	
700103664	
700105031	
700105088	
700105145	
700105202	
700105259	
700105307	
700105366	
700105411	
700105460	
700105518	
700105614	
700105677	
700105775	
700105829	
700105877	
700105983	
700106010	
700106057	
700106114	
700106171	
700106230	
700106286	
700106407	
700106429	
700106486	
700106543	
700106610	
700106658	
700106696	
700106755	
700106801	
700106868	
700106941	
700106980	
700107203	
700107830	
700108052	
700108298	
700108487	
700108796	
700108968	
700109121	
700109244	
700109331	
700109397	
700109463	
700109764	
700109821	
700109878	
700110001	
700110169	
700110235	
700110301	
700110367	
700110433	
700110601	
700110658	
700110715	
700110826	
700111040	
700111453	
700111519	
700111588	
700111825	
700113008	
700114059	
700114116	
700114163	
700114424	
700114607	
