700014773	
700015173	
700015239	
700015456	
700015574	
700015762	
700016056	
700016499	
700016562	
700021900	
700023068	
700023176	
700023244	
700023397	
700023454	
700023641	
700023708	
700023822	
700023879	
700023974	
700024041	
700024135	
700024241	
700024356	
700024739	
700024806	
700024853	
700033039	
700033150	
700033496	
700033746	
700037001	
700037140	
700037196	
700037301	
700037688	
700037812	
700037955	
700038700	
700038758	
700096588	
700096610	
700097311	
700098287	
700098379	
700098952	
700099079	
700099346	
700100247	
700102605	
700103277	
700103486	
700103670	
700105037	
700105094	
700105151	
700105208	
700105417	
700105619	
700105683	
700105773	
700105989	
700106016	
700106063	
700106120	
700106492	
700106549	
700106807	
700106874	
700108974	
700109127	
700109250	
700109337	
700109403	
700110175	
700110241	
700110307	
700110373	
700110832	
700111459	
700111831	
700113501	
700113549	
700114065	
700114122	
700114211	
700114274	
700114430	
700114482	
700114613	
700114805	
