700014421	
700014519	
700014605	
700014743	
700014789	
700014915	
700014983	
700015074	
700015143	
700015209	
700015275	
700015446	
700015544	
700015651	
700015732	
700016042	
700016129	
700016305	
700016350	
700016552	
700016638	
700016912	
700021286	
700021316	
700021888	
700023062	
700023186	
700023234	
700023291	
700023386	
700023443	
700023500	
700023547	
700023649	
700023697	
700023811	
700023868	
700023931	
700023982	
700024031	
700024093	
700024144	
700024197	
700024249	
700024303	
700024345	
700024402	
700024456	
700024504	
700024552	
700024600	
700024642	
700024696	
700024747	
700024794	
700024861	
700024913	
700024962	
700033009	
700033140	
700033466	
700033736	
700037038	
700037081	
700037130	
700037186	
700037291	
700037348	
700037396	
700037442	
700037546	
700037694	
700037745	
700037802	
700037963	
700038017	
700038220	
700038350	
700038441	
700038489	
700038537	
700038585	
700038690	
700038748	
700038963	
700095363	
700095420	
700095784	
700095966	
700096057	
700096277	
700096578	
700096600	
700097244	
700097301	
700097641	
700098277	
700098369	
700098679	
700098942	
700099012	
700099069	
700099600	
700099756	
700100237	
700101648	
700102252	
700102595	
700102915	
700103285	
700103437	
700103494	
700103570	
700103612	
700103660	
700105045	
700105103	
700105160	
700105217	
700105270	
700105319	
700105362	
700105407	
700105473	
700105576	
700105627	
700105673	
700105730	
700105786	
700105841	
700105889	
700105929	
700105979	
700106006	
700106072	
700106345	
700106403	
700106500	
700106558	
700106606	
700106654	
700106708	
700106816	
700106864	
700106937	
700106991	
700107199	
700107826	
700108048	
700108294	
700108483	
700108792	
700108964	
700109117	
700109240	
700109327	
700109393	
700109459	
700109817	
700110165	
700110231	
700110297	
700110429	
700110597	
700110654	
700110711	
700110822	
700111036	
700111449	
700111515	
700111584	
700111821	
700113020	
700113062	
700113108	
700113491	
700113557	
700113606	
700114007	
700114054	
700114112	
700114174	
700114225	
700114282	
700114336	
700114378	
700114438	
700114603	
700114713	
700114813	
