700014776	
700015176	
700015242	
700015457	
700015577	
700015765	
700016057	
700016500	
700016563	
700021901	
700023069	
700023177	
700023245	
700023398	
700023455	
700023642	
700023709	
700023823	
700023880	
700023975	
700024042	
700024136	
700024242	
700024357	
700024740	
700024807	
700024854	
700033042	
700033151	
700033499	
700033747	
700037002	
700037141	
700037197	
700037302	
700037689	
700037813	
700037956	
700038701	
700038759	
700096589	
700096611	
700097312	
700098288	
700098380	
700098953	
700099080	
700099347	
700100248	
700102606	
700103278	
700103487	
700103671	
700105038	
700105095	
700105152	
700105209	
700105418	
700105467	
700105620	
700105684	
700105774	
700105990	
700106017	
700106064	
700106493	
700106808	
700106875	
700108975	
700109128	
700109251	
700109338	
700109404	
700110176	
700110242	
700110308	
700110374	
700110833	
700111460	
700111832	
700113122	
700113502	
700113550	
700114066	
700114123	
700114212	
700114431	
700114614	
700114806	
700114910	
