700014764	
700014796	
700015004	
700015296	
700015453	
700015672	
700016049	
700016054	
700016137	
700016139	
700016312	
700016659	
700021291	
700021681	
700021897	
700023073	
700023241	
700023394	
700023451	
700023506	
700023601	
700023705	
700023819	
700023876	
700023923	
700023971	
700024084	
700024132	
700024238	
700024294	
700024406	
700024447	
700024496	
700024543	
700024591	
700024650	
700024687	
700024736	
700024850	
700024906	
700024954	
700033030	
700033147	
700033487	
700033743	
700037007	
700037030	
700037088	
700037137	
700037194	
700037355	
700037403	
700037449	
700037537	
700037637	
700037685	
700037752	
700037809	
700037856	
700037904	
700038009	
700038067	
700038124	
700038162	
700038227	
700038342	
700038390	
700038497	
700038544	
700038592	
700038697	
700038868	
700038954	
700095370	
700096283	
700096607	
700097308	
700097648	
700098284	
700098376	
700098949	
700099019	
700099076	
700099529	
700099607	
700099763	
700100244	
700101655	
700102259	
700102602	
700102922	
700103274	
700103562	
700103619	
700105034	
700105091	
700105148	
700105310	
700105463	
700105617	
700105778	
700105880	
700105936	
700105986	
700106013	
700106174	
700106233	
700106289	
700106410	
700106490	
700106546	
700106699	
700106758	
700106871	
700106944	
700107206	
700107833	
700108055	
700108490	
700108799	
700108971	
700109247	
700109334	
700109400	
700109767	
700109824	
700110004	
700110172	
700110238	
700110304	
700110370	
700110436	
700110604	
700110661	
700110718	
700110829	
700111043	
700111456	
700111522	
700111828	
700113011	
700113070	
700113118	
700113498	
700113613	
700114014	
700114271	
700114327	
700114385	
700114427	
700114487	
700114553	
700114610	
700114705	
700114859	
