700014524	
700014794	
700014920	
700014998	
700015079	
700015158	
700015290	
700015451	
700015559	
700015666	
700016047	
700016052	
700016134	
700016310	
700016653	
700021289	
700021679	
700021809	
700021895	
700023071	
700023171	
700023239	
700023294	
700023392	
700023449	
700023505	
700023553	
700023599	
700023636	
700023703	
700023817	
700023874	
700023921	
700023969	
700024082	
700024130	
700024236	
700024292	
700024404	
700024445	
700024494	
700024541	
700024589	
700024648	
700024685	
700024734	
700024801	
700024848	
700024904	
700024952	
700033024	
700033145	
700033481	
700033741	
700037005	
700037028	
700037086	
700037135	
700037192	
700037248	
700037296	
700037353	
700037401	
700037447	
700037535	
700037635	
700037683	
700037750	
700037807	
700037854	
700037902	
700037950	
700038007	
700038065	
700038122	
700038160	
700038225	
700038277	
700038340	
700038388	
700038447	
700038495	
700038542	
700038695	
700038753	
700038799	
700038866	
700038914	
700038952	
700095368	
700095425	
700095789	
700095971	
700096323	
700096583	
700096605	
700097249	
700097306	
700097646	
700098124	
700098282	
700098374	
700098947	
700099017	
700099074	
700099605	
700099761	
700099971	
700100242	
700101653	
700102257	
700102600	
700102920	
700103272	
700103442	
700103481	
700103560	
700103617	
700103665	
700105032	
700105089	
700105146	
700105203	
700105260	
700105308	
700105367	
700105461	
700105519	
700105615	
700105678	
700105735	
700105776	
700105830	
700105878	
700105934	
700105984	
700106011	
700106058	
700106115	
700106172	
700106231	
700106287	
700106408	
700106430	
700106487	
700106544	
700106611	
700106659	
700106697	
700106756	
700106802	
700106869	
700106942	
700106981	
700107204	
700107831	
700108053	
700108299	
700108488	
700108797	
700108969	
700109122	
700109245	
700109332	
700109398	
700109464	
700109765	
700109822	
700110002	
700110170	
700110236	
700110302	
700110368	
700110434	
700110602	
700110659	
700110716	
700110827	
700111041	
700111454	
700111826	
700113068	
700113116	
700113611	
700114012	
700114117	
700114608	
700114857	
