700014403	
700014501	
700014559	
700014611	
700014783	
700014909	
700014965	
700015068	
700015125	
700015191	
700015257	
700015422	
700015440	
700015631	
700015714	
700015991	
700016036	
700016123	
700016299	
700016344	
700016546	
700016620	
700016906	
700021359	
700023180	
700023235	
700023380	
700023437	
700023494	
700023541	
700023643	
700023691	
700023805	
700023862	
700023925	
700023976	
700024087	
700024190	
700024297	
700024339	
700024396	
700024450	
700024498	
700024546	
700024594	
700024636	
700024690	
700024741	
700024855	
700024917	
700024956	
700033134	
700033448	
700033730	
700037032	
700037075	
700037124	
700037180	
700037285	
700037342	
700037390	
700037451	
700037540	
700037698	
700037739	
700037796	
700038229	
700038344	
700038435	
700038483	
700038531	
700038579	
700038742	
700038957	
700095357	
700095414	
700095778	
700095960	
700096051	
700096271	
700096572	
700096594	
700097238	
700097295	
700097635	
700098271	
700098363	
700098673	
700098936	
700099006	
700099063	
700099594	
700099750	
700100231	
700101642	
700102246	
700102589	
700102909	
700103279	
700103431	
700103488	
700103564	
700103606	
700103654	
700105154	
700105211	
700105264	
700105356	
700105419	
700105621	
700105667	
700105724	
700105780	
700105835	
700105883	
700105973	
700106000	
700106066	
700106339	
700106397	
700106494	
700106552	
700106600	
700106648	
700106810	
700106858	
700106931	
700106985	
700107193	
700107820	
700108288	
700108477	
700108786	
700108958	
700109111	
700109234	
700109321	
700109387	
700109453	
700109811	
700109991	
700110159	
700110225	
700110291	
700110357	
700110423	
700110591	
700110648	
700110705	
700110816	
700111030	
700111443	
700111509	
700111578	
700111815	
700113014	
700113056	
700113485	
700114001	
700114106	
700114168	
700114219	
700114330	
700114372	
700114707	
700114807	
