700013549	
700014386	
700014488	
700014497	
700014555	
700014718	
700014828	
700014832	
700014954	
700015113	
700015179	
700015245	
700015386	
700015390	
700015394	
700015702	
700015979	
700016000	
700016004	
700016008	
700016136	
700016542	
700016608	
700016902	
700021295	
700021677	
700021902	
700023066	
700023188	
700023237	
700023290	
700023447	
700023509	
700023551	
700023634	
700023701	
700023815	
700023872	
700023919	
700023967	
700024024	
700024086	
700024141	
700024201	
700024234	
700024296	
700024349	
700024408	
700024449	
700024492	
700024545	
700024593	
700024646	
700024689	
700024732	
700024846	
700024908	
700024966	
700033130	
700033436	
700033726	
700037008	
700037090	
700037123	
700037198	
700037303	
700037357	
700037405	
700037453	
700037539	
700037700	
700037814	
700037967	
700038021	
700038231	
700038354	
700038445	
700038493	
700038594	
700038702	
700038741	
700038956	
700095353	
700095410	
700095774	
700095956	
700096047	
700096267	
700096568	
700096590	
700097116	
700097234	
700097291	
700097570	
700097631	
700097754	
700098359	
700098932	
700099002	
700099059	
700099590	
700099746	
700100227	
700101638	
700102242	
700102585	
700102905	
700103289	
700103446	
700103479	
700103558	
700103621	
700103672	
700105049	
700105153	
700105210	
700105274	
700105312	
700105355	
700105421	
700105468	
700105580	
700105613	
700105685	
700105739	
700105787	
700105834	
700105882	
700105991	
700106018	
700106065	
700106132	
700106229	
700106291	
700106333	
700106412	
700106437	
700106504	
700106551	
700106615	
700106663	
700106701	
700106754	
700106809	
700106876	
700106946	
700106979	
700107189	
700107816	
700107993	
700108284	
700108473	
700108954	
700109107	
700109230	
700109317	
700109383	
700109750	
700109807	
700110155	
700110221	
700110287	
700110353	
700110419	
700110587	
700110644	
700110701	
700110812	
700111026	
700111505	
700111574	
700111811	
700113013	
700113066	
700113503	
700113542	
700113599	
700114000	
700114105	
700114162	
700114218	
700114267	
700114387	
700114442	
700114489	
700114615	
700114717	
700114750	
700114798	
700114855	
700114911	
