700014430	
700014522	
700014612	
700014752	
700014792	
700014918	
700014992	
700015077	
700015152	
700015218	
700015284	
700015449	
700015553	
700015660	
700015741	
700016045	
700016132	
700016308	
700016353	
700016555	
700016647	
700016915	
700021294	
700021891	
700023057	
700023179	
700023233	
700023299	
700023389	
700023446	
700023503	
700023550	
700023652	
700023700	
700023814	
700023871	
700023934	
700023985	
700024034	
700024096	
700024147	
700024200	
700024252	
700024306	
700024348	
700024411	
700024459	
700024507	
700024555	
700024603	
700024645	
700024699	
700024750	
700024797	
700024864	
700024916	
700024965	
700033018	
700033143	
700033475	
700033739	
700037084	
700037133	
700037189	
700037351	
700037399	
700037445	
700037549	
700037697	
700037805	
700037966	
700038020	
700038223	
700038353	
700038444	
700038492	
700038540	
700038588	
700038693	
700038751	
700038912	
700038966	
700095366	
700095423	
700095787	
700095969	
700096060	
700096280	
700096581	
700096603	
700097247	
700097304	
700097644	
700098280	
700098372	
700098682	
700098945	
700099015	
700099072	
700099603	
700099759	
700100240	
700101651	
700101784	
700102255	
700102598	
700102918	
700103288	
700103440	
700103497	
700103573	
700103615	
700103663	
700105048	
700105106	
700105163	
700105220	
700105273	
700105322	
700105365	
700105410	
700105476	
700105579	
700105630	
700105676	
700105733	
700105790	
700105844	
700105892	
700105932	
700105982	
700106009	
700106075	
700106348	
700106405	
700106503	
700106561	
700106609	
700106657	
700106711	
700106819	
700106867	
700106940	
700106994	
700107202	
700107829	
700108051	
700108297	
700108486	
700108795	
700108967	
700109120	
700109243	
700109330	
700109396	
700109462	
700109820	
700110168	
700110234	
700110300	
700110366	
700110432	
700110600	
700110657	
700110714	
700110825	
700111039	
700111452	
700111518	
700111587	
700111824	
700113023	
700113065	
700113111	
700113494	
700113560	
700113609	
700114010	
700114058	
700114115	
700114177	
700114285	
700114339	
700114381	
700114441	
700114606	
700114716	
700114816	
