700014427	
700014521	
700014603	
700014749	
700014791	
700014917	
700014989	
700015076	
700015149	
700015215	
700015281	
700015448	
700015550	
700015657	
700015738	
700016044	
700016131	
700016307	
700016352	
700016554	
700016644	
700016914	
700021140	
700021293	
700021890	
700023056	
700023178	
700023232	
700023298	
700023388	
700023445	
700023502	
700023549	
700023651	
700023699	
700023813	
700023870	
700023933	
700023984	
700024033	
700024095	
700024146	
700024199	
700024251	
700024305	
700024347	
700024410	
700024458	
700024506	
700024554	
700024602	
700024644	
700024698	
700024749	
700024796	
700024863	
700024915	
700024964	
700033015	
700033142	
700033472	
700033738	
700037040	
700037083	
700037132	
700037188	
700037293	
700037350	
700037398	
700037444	
700037548	
700037696	
700037804	
700037965	
700038019	
700038222	
700038352	
700038443	
700038491	
700038539	
700038587	
700038692	
700038750	
700038965	
700095365	
700095786	
700095968	
700096059	
700096279	
700096580	
700096602	
700097246	
700097303	
700097643	
700098279	
700098371	
700098611	
700098681	
700098944	
700099014	
700099071	
700099602	
700099758	
700100177	
700100239	
700101650	
700102254	
700102597	
700102917	
700103287	
700103439	
700103496	
700103572	
700103614	
700103662	
700105047	
700105105	
700105162	
700105219	
700105272	
700105364	
700105409	
700105475	
700105578	
700105629	
700105675	
700105732	
700105789	
700105843	
700105891	
700105931	
700105981	
700106008	
700106074	
700106347	
700106406	
700106502	
700106560	
700106608	
700106656	
700106710	
700106818	
700106866	
700106939	
700106993	
700107201	
700107828	
700108050	
700108296	
700108485	
700108794	
700108966	
700109119	
700109242	
700109329	
700109395	
700109461	
700109819	
700109876	
700109999	
700110167	
700110233	
700110299	
700110365	
700110431	
700110599	
700110656	
700110713	
700110824	
700111038	
700111451	
700111517	
700111586	
700111823	
700113022	
700113064	
700113110	
700113493	
700113559	
700113608	
700114009	
700114057	
700114114	
700114176	
700114227	
700114284	
700114338	
700114380	
700114440	
700114605	
700114715	
700114815	
