700014424	
700014520	
700014604	
700014746	
700014790	
700014916	
700014986	
700015075	
700015146	
700015212	
700015278	
700015447	
700015545	
700015654	
700015735	
700016043	
700016130	
700016306	
700016351	
700016553	
700016641	
700016913	
700021287	
700021358	
700021889	
700023063	
700023187	
700023231	
700023292	
700023387	
700023444	
700023548	
700023650	
700023698	
700023812	
700023869	
700023932	
700023983	
700024032	
700024094	
700024145	
700024198	
700024250	
700024304	
700024346	
700024409	
700024457	
700024505	
700024553	
700024601	
700024643	
700024748	
700024795	
700024862	
700024914	
700024963	
700033012	
700033141	
700033469	
700033737	
700037039	
700037082	
700037131	
700037187	
700037292	
700037349	
700037397	
700037443	
700037547	
700037695	
700037803	
700037964	
700038018	
700038221	
700038351	
700038442	
700038490	
700038538	
700038586	
700038749	
700038964	
700095364	
700095421	
700095785	
700095967	
700096058	
700096278	
700096579	
700096601	
700097245	
700097302	
700097642	
700098278	
700098370	
700098943	
700099013	
700099070	
700099601	
700099757	
700100238	
700101649	
700102054	
700102253	
700102596	
700102916	
700103286	
700103438	
700103495	
700103571	
700105046	
700105104	
700105161	
700105218	
700105271	
700105408	
700105474	
700105628	
700105674	
700105731	
700105788	
700105842	
700105890	
700105930	
700105980	
700106073	
700106346	
700106404	
700106559	
700106607	
700106655	
700106817	
700106865	
700106938	
700107200	
700108049	
700108295	
700108484	
700108793	
700108965	
700109118	
700109328	
700109394	
700109460	
700109818	
700109875	
700109998	
700110166	
700110232	
700110298	
700110364	
700110430	
700110655	
700110712	
700110823	
700111037	
700111450	
700111516	
700111585	
700111822	
700113021	
700113063	
700113109	
700113492	
700113558	
700113607	
700114008	
700114056	
700114113	
700114175	
700114226	
700114283	
700114337	
700114379	
700114439	
700114714	
700114814	
