700014409	
700014515	
700014609	
700014731	
700014785	
700014911	
700014971	
700015070	
700015131	
700015197	
700015263	
700015428	
700015442	
700015639	
700015720	
700015997	
700016038	
700016125	
700016301	
700016346	
700016548	
700016626	
700016908	
700021282	
700021312	
700021683	
700023058	
700023182	
700023227	
700023286	
700023382	
700023439	
700023496	
700023543	
700023645	
700023693	
700023807	
700023864	
700023927	
700023978	
700024027	
700024089	
700024139	
700024192	
700024245	
700024299	
700024341	
700024398	
700024452	
700024500	
700024548	
700024596	
700024638	
700024692	
700024743	
700024790	
700024857	
700024909	
700024958	
700033136	
700033454	
700033732	
700037034	
700037077	
700037126	
700037182	
700037287	
700037344	
700037392	
700037438	
700037542	
700037690	
700037741	
700037798	
700037959	
700038013	
700038216	
700038346	
700038437	
700038485	
700038533	
700038581	
700038686	
700038744	
700038959	
700095359	
700095416	
700095780	
700095962	
700096053	
700096273	
700096574	
700096596	
700097240	
700097297	
700097637	
700098273	
700098365	
700098938	
700099008	
700099065	
700099596	
700099752	
700100233	
700101644	
700101777	
700102248	
700102591	
700102911	
700103281	
700103433	
700103490	
700103566	
700103608	
700103656	
700105041	
700105099	
700105156	
700105213	
700105266	
700105315	
700105358	
700105403	
700105469	
700105572	
700105623	
700105669	
700105726	
700105782	
700105837	
700105885	
700105925	
700105975	
700106002	
700106068	
700106341	
700106399	
700106496	
700106554	
700106602	
700106650	
700106812	
700106860	
700106933	
700106987	
700107195	
700107822	
700107999	
700108290	
700108479	
700108788	
700108960	
700109113	
700109236	
700109323	
700109389	
700109455	
700109813	
700109993	
700110161	
700110227	
700110293	
700110425	
700110593	
700110650	
700110707	
700110818	
700111032	
700111445	
700111511	
700111580	
700111817	
700113016	
700113058	
700113104	
700113487	
700113553	
700113602	
700114003	
700114050	
700114109	
700114170	
700114221	
700114278	
700114332	
700114374	
700114434	
700114599	
700114709	
700114809	
