700014770	
700015170	
700015236	
700015455	
700015571	
700015759	
700016055	
700016498	
700016561	
700021899	
700023067	
700023175	
700023243	
700023396	
700023453	
700023640	
700023707	
700023821	
700023878	
700023973	
700024040	
700024134	
700024240	
700024355	
700024805	
700024852	
700033036	
700033149	
700033493	
700033745	
700037000	
700037139	
700037195	
700037299	
700037687	
700037811	
700037954	
700038699	
700038757	
700096587	
700096609	
700097310	
700098286	
700098378	
700098951	
700099078	
700099345	
700100246	
700102604	
700103276	
700103669	
700105093	
700105150	
700105207	
700105416	
700105682	
700105772	
700105988	
700106015	
700106062	
700106491	
700106548	
700106806	
700106873	
700108973	
700109126	
700109249	
700109336	
700109402	
700110174	
700110240	
700110306	
700110831	
700111458	
700111830	
700113120	
700113500	
700113548	
700114064	
700114121	
700114210	
700114273	
700114429	
700114481	
700114555	
700114612	
700114804	
700114908	
